//Class PatternIndex From To @GfxIndices
00 block 0
00 waterL 319 320 320 321   0 322 323 324
00 waterD 325 326 326 327   0 328 329 330
00 mudL   331 332 333   0 334 335 336 337 338 339 334 338
00 mudD   340 341 342   0 343 344 345 346 347 348 343 347
00 plainL 349 350 351   0 352 353 354 355 356 357 358 359 360 361 362 363
00 plainD 364 365 366   0 367 368 369 370 371 372 373 374 375 376 377 378
00 forest 125 135 136
00 rock   160 172 173 174
33 wallH  16   0  52   0  88
33 wallO  34   0  70   0  88
34 wallH  33   0  69   0 101
34 wallO  51   0  87   0 101
00 block 0
00 block 0
00 block 0
01 waterD 291 292
02 waterD 293 294
03 waterD 295 296 297
04 waterD 298 299
05 waterD 300 301 302
06 waterD 303 304
07 waterD 305 305
08 waterD 306 307
09 waterD 308 309
10 waterD 310 311 312
11 waterD 313 313
12 waterD 314 315 316
13 waterD 317 317
14 waterD 318 318
00 block 0
00 block 0
01 waterL 199 200
02 waterL 201 202
03 waterL 203 204 205
04 waterL 206 207
05 waterL 208 209 210
06 waterL 211 211
07 waterL 212 213
08 waterL 214 215
09 waterL 216 216
10 waterL 217 218 219
11 waterL 220 221
12 waterL 222 223 224
13 waterL 225 226
14 waterL 227 228
00 block 0
00 block 0
01 mudD 175 176
02 mudD 177 178
03 mudD 179 180 179
04 mudD 181 182
05 mudD 183 184 183
06 mudD 185 186
07 mudD 187 187
08 mudD 188 189
09 mudD 190 191
10 mudD 192 193 192
11 mudD 194 194
12 mudD 195 196 195
13 mudD 197 197
14 mudD 198 198
00 block 0
00 block 0
01 rock 145 168
02 rock 137 162
03 rock 159 171
04 rock 142 166
05 rock 144 167
06 rock 149 170
07 rock 146
08 rock 139 164
09 rock 148 169
10 rock 138 163
11 rock 147
12 rock 141 165
13 rock 143
14 rock 140
00 block 0
00 block 0
01 mudL 259 260
02 mudL 261 262
03 mudL 263 264 265
04 mudL 266 267
05 mudL 268 269 270
06 mudL 271 272
07 mudL 273 274
08 mudL 275 276
09 mudL 277 278
10 mudL 279 280 281
11 mudL 282 283
12 mudL 284 285 286
13 mudL 287 288
14 mudL 289 290
00 block 0
00 block 0
01 plainD 231 232
02 plainD 233 234
03 plainD 235 236 237
04 plainD 238 239
05 plainD 240 241 242
06 plainD 243 244
07 plainD 245 245
08 plainD 246 247
09 plainD 248 249
10 plainD 250 251 252
11 plainD 253 253
12 plainD 254 255 256
13 plainD 257 257
14 plainD 258 258
00 block 0
00 block 0
01 forest 110 133
02 forest 102 127
03 forest 124 134
04 forest 107 131
05 forest 109 132
06 forest 114 114
07 forest 111 111
08 forest 104 129
09 forest 113 113
10 forest 103 128
11 forest 112 112
12 forest 106 130
13 forest 108 108
14 forest 105 105
00 block 0
00 block 0
19 wallH 17 17 53 53
22 wallH 18 18 54 54
23 wallH 19 19 55 55
21 wallH 20 20 56 56
20 wallH 21 22 57 58
24 wallH 23 23 59 59
25 wallH 24 24 60 60
26 wallH 25 25 61 61
27 wallH 26 26 62 62
28 wallH 27 28 63 64
29 wallH 29 29 65 65
30 wallH 30 30 66 66
31 wallH 31 31 67 67
32 wallH 32 32 68 68
00 block 0
00 block 0
19 wallO 35 35 71 71
22 wallO 36 36 72 72
23 wallO 37 37 73 73
21 wallO 38 38 74 74
20 wallO 39 40 75 76
24 wallO 41 41 77 77
25 wallO 42 42 78 78
26 wallO 43 43 79 79
27 wallO 44 44 80 80
28 wallO 45 46 81 82
29 wallO 47 47 83 83
30 wallO 48 48 84 84
31 wallO 49 49 85 85
32 wallO 50 50 86 86
00 block 0
00 block 0
00 wallR 89
00 wallR 90
00 wallR 91
00 wallR 92
00 wallR 93 95
00 wallR 94
00 wallR 93
00 wallR 96
00 wallR 97
00 wallR 98 99
00 wallR 98
00 wallR 100
00 wallR 95
00 wallR 99
00 block 0
00 block 0
15 rock 156
16 rock 157
17 rock 158
18 rock 160
19 rock 161
20 rock 162
21 rock 163
15 forest 116
16 forest 118
17 forest 117
18 forest 120
19 forest 121
20 forest 122
21 forest 123
00 forestR 126
00 rockR   166
00 wallCR   88
00 wallR   101
