// each tile has 16 variations; unused tiles and variations are set to ø.
// tiles take following forms:
1 1 1
1 1 1 // 0
1 1 1

1 1 0
1 1 0 // 1
0 0 0

0 1 1
0 1 1 // 2
0 0 0

1 1 1
1 1 1 // 3
0 0 0

0 0 0
1 1 0 // 4
1 1 0

1 1 0
1 1 0 // 5
1 1 0

0 1 1
1 1 1 // 6
1 1 0

1 1 1
1 1 1 // 7
1 1 0

0 0 0
0 1 1 // 8
0 1 1

1 1 0
1 1 1 // 9
0 1 1

0 1 1
0 1 1 // 10
0 1 1

1 1 1
1 1 1 // 11
0 1 1

0 0 0
1 1 1 // 12
1 1 1

1 1 0
1 1 1 // 13
1 1 1

0 1 1
1 1 1 // 14
1 1 1

0 1 0
1 1 0 // 15
1 1 0

0 1 1
0 1 1 // 16
0 1 0

1 1 0
1 1 0 // 17
0 1 0

1 1 1
1 1 1 // 18
0 1 0

0 0 0
0 1 0 // 19
0 1 0

0 1 0
0 1 0 // 20
0 1 0

0 1 0
0 1 0 // 21
0 0 0

0 0 0
0 1 1 // 22
0 0 0

0 0 0
0 1 1 // 23
0 1 0

0 1 0
0 1 1 // 24
0 0 0

0 1 0
0 1 1 // 25
0 1 0

0 0 0
1 1 0 // 26
0 0 0

0 0 0
1 1 0 // 27
0 1 0

0 0 0
1 1 1 // 28
0 0 0

0 0 0
1 1 1 // 29
0 1 0

0 1 0
1 1 0 // 30
0 0 0

0 1 0
1 1 0 // 31
0 1 0

0 1 0
1 1 1 // 32
0 0 0

0 0 0
0 1 0 // 33 (closed wall)
0 0 0 

0 1 0
1 1 1 // 34 (open wall)
0 1 0